 6.155000000  0.000000000  0.000000000
 0.000000000  6.155000000  0.000000000
 0.000000000  0.000000000  6.155000000
16 # pearson{CuHg2Ti}
  0.5000000000   0.5000000000   0.5000000000    29  1  Cu1
  0.5000000000   0.0000000000   0.0000000000    29  1  Cu1
  0.0000000000   0.5000000000   0.0000000000    29  1  Cu1
  0.0000000000   0.0000000000   0.5000000000    29  1  Cu1
  0.0000000000   0.0000000000   0.0000000000    80  2  Hg1
  0.0000000000   0.5000000000   0.5000000000    80  2  Hg1
  0.5000000000   0.0000000000   0.5000000000    80  2  Hg1
  0.5000000000   0.5000000000   0.0000000000    80  2  Hg1
 -0.2500000000  -0.2500000000  -0.2500000000    80  3  Hg2
 -0.2500000000   0.2500000000   0.2500000000    80  3  Hg2
  0.2500000000   0.2500000000  -0.2500000000    80  3  Hg2
  0.2500000000  -0.2500000000   0.2500000000    80  3  Hg2
  0.2500000000   0.2500000000   0.2500000000    22  4  Ti1
  0.2500000000  -0.2500000000  -0.2500000000    22  4  Ti1
 -0.2500000000  -0.2500000000   0.2500000000    22  4  Ti1
 -0.2500000000   0.2500000000  -0.2500000000    22  4  Ti1
