1 2 1
1 3 2
1 4 1
1 5 2
1 6 1
1 8 1
1 9 2
1 10 1
1 12 1
1 14 1
1 16 1
1 3 2
1 5 2
1 9 2
2 1 1
2 4 2
2 6 2
2 10 2
2 3 1
2 4 2
2 5 1
2 6 2
2 7 1
2 9 1
2 10 2
2 11 1
2 13 1
2 15 1
3 1 2
3 2 1
3 6 1
3 10 1
3 14 1
3 1 2
3 4 1
3 7 2
3 8 1
3 11 2
3 12 1
3 16 1
3 7 2
3 11 2
4 2 2
4 1 1
4 2 2
4 3 1
4 8 2
4 12 2
4 5 1
4 7 1
4 8 2
4 9 1
4 11 1
4 12 2
4 13 1
4 15 1
5 1 2
5 2 1
5 4 1
5 10 1
5 12 1
5 1 2
5 6 1
5 7 2
5 8 1
5 13 2
5 14 1
5 16 1
5 7 2
5 13 2
6 2 2
6 1 1
6 2 2
6 5 1
6 8 2
6 14 2
6 3 1
6 7 1
6 8 2
6 9 1
6 13 1
6 14 2
6 11 1
6 15 1
7 2 1
7 10 1
7 3 2
7 4 1
7 12 1
7 5 2
7 6 1
7 14 1
7 3 2
7 5 2
7 8 1
7 15 2
7 16 1
7 15 2
8 4 2
8 6 2
8 1 1
8 3 1
8 4 2
8 5 1
8 6 2
8 7 1
8 16 2
8 9 1
8 11 1
8 13 1
8 15 1
8 16 2
9 1 2
9 2 1
9 4 1
9 6 1
9 8 1
9 1 2
9 10 1
9 11 2
9 12 1
9 13 2
9 14 1
9 16 1
9 11 2
9 13 2
10 2 2
10 1 1
10 2 2
10 9 1
10 12 2
10 14 2
10 3 1
10 11 1
10 12 2
10 5 1
10 13 1
10 14 2
10 7 1
10 15 1
11 2 1
11 6 1
11 3 2
11 4 1
11 8 1
11 9 2
11 10 1
11 14 1
11 3 2
11 9 2
11 12 1
11 15 2
11 16 1
11 15 2
12 4 2
12 10 2
12 1 1
12 3 1
12 4 2
12 9 1
12 10 2
12 11 1
12 16 2
12 5 1
12 7 1
12 13 1
12 15 1
12 16 2
13 2 1
13 4 1
13 5 2
13 6 1
13 8 1
13 9 2
13 10 1
13 12 1
13 5 2
13 9 2
13 14 1
13 15 2
13 16 1
13 15 2
14 6 2
14 10 2
14 1 1
14 5 1
14 6 2
14 9 1
14 10 2
14 13 1
14 16 2
14 3 1
14 7 1
14 11 1
14 15 1
14 16 2
15 2 1
15 4 1
15 6 1
15 7 2
15 8 1
15 10 1
15 11 2
15 12 1
15 13 2
15 14 1
15 7 2
15 11 2
15 13 2
15 16 1
16 8 2
16 12 2
16 14 2
16 1 1
16 3 1
16 5 1
16 7 1
16 8 2
16 9 1
16 11 1
16 12 2
16 13 1
16 14 2
16 15 1
